0.03985591,  0.00447124,  0.04333486,  0.0300044 ,
-0.0736758 ,  0.02253267,
-0.03069906, -0.05754143, -0.08059542,  0.04703762,
0.05764081,  0.02966477,
0.02236266,  0.00802381, -0.08743656,  0.04548043,
0.05737777, -0.04513647,
-0.00305961,  0.02033802, -0.15162195,  0.00640243,
0.00730422,  0.08387864,
0.0235129 ,  0.05866565,  0.04766095, -0.02309006,
-0.04949586,  0.06439086,
0.02736948,  0.024079  ,  0.17381397,  0.04985088,
0.02704651, -0.08442508,
0.01539579,  0.04072925, -0.06928136,  0.02856134,
0.09101735,  0.09870041,
-0.0156128 ,  0.09118063,  0.14915577,  0.00197969,
0.0636993 , -0.04215966