-0.26312178,
         -0.07817736,
          0.2287019,
          0.00813679,
         -0.15777965,
          0.2863786,
        0.11191236,
         -0.25164378,
         -0.10420278,
         -0.05329774,
          0.0856104 ,
          0.2784089,
       -0.04224597,
         0.3989191 ,
         -0.50436765,
         -0.66943556,
         -0.05303475,
         -0.15340748,
        -0.37060294,
          0.28116542,
         -0.38625386,
          0.26784813,
         -0.34276313,
          0.18170866,