-0.09088097,  0.08049693,  0.06341561,  0.04060804,
           0.15100357, -0.01986744,
         -0.01059289,  0.2894145 ,  0.03148306, -0.25810438,
          -0.18103293, -0.17352584,
        -0.19224349,  0.12582694, -0.24198592, -0.23817378,
           0.04551662,  0.08720402,
          0.03278677,  0.3224611 ,  0.17520344, -0.02548074,
          -0.33226964, -0.21116939,
       -0.18830802, -0.42728412,  0.40095314,  0.4896389 ,
           0.30319655, -0.2112679,
         0.19557522, -0.03825676,  0.21063338,  0.33807743,
          -0.11628307, -0.48969457,
        0.1678819 , -0.26265758,  0.39158776, -0.00152468,
           0.3771002 , -0.12748095,
         0.13393436,  0.0672144 ,  0.4437935 , -0.0537006 ,
          -0.08334126, -0.07779908